version https://git-lfs.github.com/spec/v1
oid sha256:980af1c94063f104dab630be90d27a3468a4af2489b0175d40c0b61e4a8f82d6
size 7155
