version https://git-lfs.github.com/spec/v1
oid sha256:8463cad5f029689165b67c498e10408969bbfa547deeb00cb6191411b8b89d99
size 5541
