version https://git-lfs.github.com/spec/v1
oid sha256:f4a648cce3cddbc0351f7d6de4667be93a8db0ba6630e2d5eb3bdea7429de8ae
size 7700
