version https://git-lfs.github.com/spec/v1
oid sha256:f0456b77d5502be191393948d8d2174d51e4fe1fd743e0e8496dc44ebedfd0cb
size 10552
