version https://git-lfs.github.com/spec/v1
oid sha256:59519c975a27747071f53639665ce5bcd877dbc7e324bd88a0d5eb4482e620ab
size 7535
