version https://git-lfs.github.com/spec/v1
oid sha256:282762fc5359409779c69f0d1a6210db845a4b2391afeca0555f5d18e738c43a
size 4630
