version https://git-lfs.github.com/spec/v1
oid sha256:6b19a37f442d721a5ae812faf738b58ada6891707efdd48aa9cb3be433c65c66
size 11591
