version https://git-lfs.github.com/spec/v1
oid sha256:9781deabe6e8c4f95c71ba52f58c87d8b0edc0a795566739bee5fdcff6f619ab
size 14679
