version https://git-lfs.github.com/spec/v1
oid sha256:721c1c5587f2c9c9990f4000405f95522a5c99bacc8f8552e0925e94b660c61f
size 7571
