version https://git-lfs.github.com/spec/v1
oid sha256:baa18ff004208f7d5dbbc85901dce1781b0abeec4b74c2cd3f3f957337363857
size 14460
