version https://git-lfs.github.com/spec/v1
oid sha256:48ff52288409c54a89c954b38fc6c0a08642f91fcb6f94defaf7949b6f3d0ddf
size 7606
