version https://git-lfs.github.com/spec/v1
oid sha256:082521ca1a4d01b8a162bf30663354e2249042a6a1598b4aef0a451b436c7eb7
size 5435
