version https://git-lfs.github.com/spec/v1
oid sha256:f4aa7bf511bff72c2171f3e18f397e3988424f8620a63f6ac697756a53f5575d
size 15523
