version https://git-lfs.github.com/spec/v1
oid sha256:f46fea531e5636ab3470ebd6988d6ad260d557b7229ac6a67a5c6040f0a12e7d
size 14209
