version https://git-lfs.github.com/spec/v1
oid sha256:5e95d62eac4cdd226830d53effe7331a88e86a46c6327f0f694e258ae4958d0b
size 14344
