version https://git-lfs.github.com/spec/v1
oid sha256:9b93351d2c766c0d0ef098b1c973a1dea58856cbbdec4452380256f7474e08a8
size 14573
