version https://git-lfs.github.com/spec/v1
oid sha256:4501475b7d0680f899de732b6c30e195d3e82a93f6061efbba081ebdb42263db
size 11261
