version https://git-lfs.github.com/spec/v1
oid sha256:04b7fb4def358377bf6edf04e4bceab7319b752492e049a23c3407227ee175f7
size 5331
