version https://git-lfs.github.com/spec/v1
oid sha256:723b99bb9978d8582f9db8b19b13c9ee5e8b292f8b044f1ebee98045015dcc82
size 5331
