version https://git-lfs.github.com/spec/v1
oid sha256:58d57e0d9fee839d3b2077312156c82fac346effb5a2013f361a7cc145af7b6a
size 6014
