version https://git-lfs.github.com/spec/v1
oid sha256:00584000f357e2ef63e9a7e64b1df3051d145fcdfed8132657fc9cbb1e352a41
size 7651
