version https://git-lfs.github.com/spec/v1
oid sha256:fe8a1aa4c557250738588996a52a85e47c0888226a1f46a9eff05f2302399c52
size 15269
