version https://git-lfs.github.com/spec/v1
oid sha256:e85a430205b44ba5507b3130c609f6b17d269dc484a040b2c84cb60251e66c42
size 7273
