version https://git-lfs.github.com/spec/v1
oid sha256:457280e7896a3c99e9e580255148ed9838a0cdf277441b768adf6a8ef0a292a3
size 7786
